0 0.6747738486842104 0.7144325657894737 0.26418585526315785 0.28577302631578955
0 0.5385690789473683 0.8172286184210525 0.17475328947368415 0.3495065789473684
0 0.36432976973684206 0.80078125 0.19428453947368415 0.3433388157894736
0 0.2466282894736842 0.68359375 0.25082236842105265 0.25493421052631576
0 0.18597861842105262 0.5021587171052632 0.2939967105263158 0.19222861842105265
0 0.23840460526315788 0.3346011513157895 0.234375 0.21484375
0 0.3237253289473684 0.23283305921052627 0.17064144736842107 0.20867598684210525
0 0.4311472039473685 0.15984786184210525 0.13877467105263158 0.25390625
0 0.5668379934210527 0.17886513157894737 0.15111019736842107 0.2549342105263158
0 0.7025287828947369 0.2287212171052632 0.23129111842105274 0.20250822368421054
0 0.6598684210526315 0.3942228618421052 0.2384868421052632 0.18400493421052633
0 0.789391447368421 0.5741159539473684 0.2611019736842106 0.22923519736842107
