0 0.1505139802631579 0.6440172697368421 0.29502467105263164 0.32380756578947373
0 0.43782894736842104 0.6162623355263157 0.24876644736842096 0.31558388157894735
0 0.44296875 0.30324835526315785 0.1912006578947369 0.25082236842105265
0 0.12430098684210529 0.33768503289473684 0.2446546052631579 0.23540296052631576
0 0.2173314144736842 0.17937911184210525 0.22512335526315796 0.19634046052631576
0 0.3345189144736842 0.0971422697368421 0.17783717105263158 0.1942845394736842
0 0.4717516447368421 0.09148848684210527 0.1192434210526316 0.17886513157894737
0 0.5807154605263157 0.1166735197368421 0.10690789473684212 0.20045230263157893
0 0.7061266447368422 0.19325657894736842 0.12541118421052638 0.1953125
0 0.8546669407894736 0.38394325657894735 0.1737253289473685 0.17372532894736845
0 0.6650082236842105 0.36543996710526316 0.1603618421052632 0.23951480263157898
0 0.7035567434210527 0.693359375 0.23951480263157893 0.35464638157894735
0 0.8969983552631579 0.6074424342105263 0.20287828947368425 0.24449013157894733
0 0.40495476973684214 0.8867598684210526 0.19946546052631584 0.22335526315789478
0 0.6850534539473684 0.9503495065789472 0.1696134868421053 0.09354440789473681
0 0.9057360197368421 0.8674753289473685 0.18540296052631575 0.2587993421052632
